0  0.90 0.10 0.00
1  0.88 0.12 0.00
2  0.82 0.18 0.00
3  0.72 0.28 0.00
4  0.60 0.40 0.00
5  0.50 0.50 0.00
6  0.37 0.62 0.01
7  0.26 0.72 0.02
8  0.15 0.82 0.03
9  0.08 0.88 0.04
10 0.05 0.90 0.05
11 0.04 0.88 0.08
12 0.03 0.82 0.15
13 0.02 0.72 0.26
14 0.01 0.62 0.37
15 0.00 0.50 0.50
16 0.00 0.40 0.60
17 0.00 0.28 0.72
18 0.00 0.18 0.82
19 0.00 0.12 0.88
20 0.00 0.10 0.90